0 -5365.73 -5365.73 -2682.86
5e-05 -2495.46 -3395.7 -1697.85
0.0001 619.082 -1262.1 -631.051
0.00015 3673.02 932.281 466.141
0.0002 6367.42 3081.76 1540.88
0.00025 8438.54 5082.8 2541.4
0.0003 9683.63 6839.02 3419.51
0.00035 9980.82 8265.83 4132.92
0.0004 9301.02 9294.51 4647.25
0.00045 7710.77 9875.5 4937.75
0.0005 5365.74 9980.82 4990.41
0.00055 2495.47 9605.4 4802.7
0.0006 -619.075 8767.32 4383.66
0.00065 -3673.02 7506.96 3753.48
0.0007 -6367.42 5885.01 2942.5
0.00075 -8438.53 3979.6 1989.8
0.0008 -9683.63 1882.5 941.251
0.00085 -9980.82 -305.264 -152.632
0.0009 -9301.02 -2478.33 -1239.16
0.00095 -7710.77 -4532.02 -2266.01
0.001 -5365.74 -6367.42 -3183.71
0.00105 -2495.47 -7896.12 -3948.06
0.0011 619.068 -9044.5 -4522.25
0.00115 3673.01 -9757.23 -4878.62
0.0012 6367.41 -10000 -5000
0.00125 8438.53 -9761.09 -4880.55
0.0013 9683.62 -9052.04 -4526.02
0.00135 9980.82 -7906.97 -3953.49
0.0014 9301.02 -6381.06 -3190.53
0.00145 7710.78 -4547.79 -2273.9
0.0015 5365.75 -2495.47 -1247.74
0.00155 2495.48 -322.958 -161.479
0.0016 -619.06 1865.11 932.557
0.00165 -3673 3963.35 1981.68
0.0017 -6367.41 5870.69 2935.34
0.00175 -8438.53 7495.25 3747.63
0.0018 -9683.62 8758.8 4379.4
0.00185 -9980.82 9600.46 4800.23
0.0019 -9301.03 9979.71 4989.85
0.00195 -7710.78 9878.27 4939.13
0.002 -5365.75 9301.02 4650.51
0.00205 -2495.49 8275.78 4137.89
0.0021 619.053 6851.93 3425.96
0.00215 3673 5098.04 2549.02
0.0022 6367.4 3098.6 1549.3
0.00225 8438.52 949.905 474.953
0.0023 9683.62 -1244.54 -622.27
0.00235 9980.82 -3379.04 -1689.52
0.0024 9301.03 -5350.78 -2675.39
0.00245 7710.79 -7064.8 -3532.4
0.0025 5365.76 -8438.53 -4219.26
0.00255 2495.49 -9405.8 -4702.9
0.0026 -619.046 -9920.03 -4960.02
0.00265 -3672.99 -9956.45 -4978.23
0.0027 -6367.4 -9513.3 -4756.65
0.00275 -8438.52 -8611.93 -4305.97
0.0028 -9683.62 -7295.75 -3647.88
0.00285 -9980.82 -5628.17 -2814.08
0.0029 -9301.03 -3689.49 -1844.74
0.00295 -7710.79 -1573.1 -786.552
0.003 -5365.77 619.053 309.527
0.00305 -2495.5 2781.39 1390.7
0.0031 619.039 4809.76 2404.88
0.00315 3672.98 6606.46 3303.23
0.0032 6367.39 8084.95 4042.48
0.00325 8438.51 9174.02 4587.01
0.0033 9683.62 9821.21 4910.6
0.00335 9980.82 9995.34 4997.67
0.0034 9301.03 9688.03 4844.02
0.00345 7710.79 8914.09 4457.04
0.0035 5365.77 7710.79 3855.39
0.00355 2495.51 6136.08 3068.04
0.0036 -619.032 4265.82 2132.91
0.00365 -3672.98 2190.09 1095.05
0.0037 -6367.39 8.876 4.438
0.00375 -8438.51 -2172.77 -1086.38
0.0038 -9683.62 -4249.76 -2124.88
0.00385 -9980.82 -6122.05 -3061.03
0.0039 -9301.04 -7699.47 -3849.74
0.00395 -7710.8 -8906.03 -4453.02
0.004 -5365.78 -9683.62 -4841.81
0.00405 -2495.52 -9994.78 -4997.39
0.0041 619.025 -9824.53 -4912.27
0.00415 3672.97 -9181.07 -4590.53
0.0042 6367.38 -8095.39 -4047.69
0.00425 8438.51 -6619.78 -3309.89
0.0043 9683.61 -4825.32 -2412.66
0.00435 9980.82 -2798.44 -1399.22
0.0044 9301.04 -636.77 -318.385
0.00445 7710.8 1555.57 777.785
0.0045 5365.78 3672.98 1836.49
0.00455 2495.52 5613.48 2806.74
0.0046 -619.018 7283.6 3641.8
0.00465 -3672.96 8602.89 4301.45
0.0047 -6367.38 9507.82 4753.91
0.00475 -8438.5 9954.78 4977.39
0.0048 -9683.61 9922.26 4961.13
0.00485 -9980.82 9411.81 4705.91
0.0049 -9301.04 8448.04 4224.02
0.00495 -7710.81 7077.35 3538.68
0.005 -5365.79 5365.77 2682.89
0.00505 -2495.53 3395.74 1697.87
0.0051 619.011 1262.15 631.076
0.00515 3672.96 -932.232 -466.116
0.0052 6367.37 -3081.71 -1540.86
0.00525 8438.5 -5082.76 -2541.38
0.0053 9683.61 -6838.99 -3419.49
0.00535 9980.82 -8265.8 -4132.9
0.0054 9301.04 -9294.49 -4647.24
0.00545 7710.81 -9875.49 -4937.74
0.0055 5365.79 -9980.82 -4990.41
0.00555 2495.54 -9605.41 -4802.71
0.0056 -619.004 -8767.35 -4383.67
0.00565 -3672.95 -7506.99 -3753.5
0.0057 -6367.36 -5885.05 -2942.52
0.00575 -8438.5 -3979.64 -1989.82
0.0058 -9683.61 -1882.55 -941.276
0.00585 -9980.82 305.215 152.607
0.0059 -9301.05 2478.28 1239.14
0.00595 -7710.82 4531.97 2265.99
0.006 -5365.8 6367.38 3183.69
0.00605 -2495.54 7896.09 3948.05
0.0061 618.997 9044.48 4522.24
0.00615 3672.94 9757.22 4878.61
0.0062 6367.36 10000 5000
0.00625 8438.49 9761.11 4880.55
0.0063 9683.61 9052.06 4526.03
0.00635 9980.82 7907 3953.5
0.0064 9301.05 6381.1 3190.55
0.00645 7710.82 4547.84 2273.92
0.0065 5365.81 2495.52 1247.76
0.00655 2495.55 323.007 161.504
0.0066 -618.99 -1865.07 -932.533
0.00665 -3672.94 -3963.3 -1981.65
0.0067 -6367.35 -5870.65 -2935.32
0.00675 -8438.49 -7495.22 -3747.61
0.0068 -9683.61 -8758.77 -4379.39
0.00685 -9980.82 -9600.45 -4800.22
0.0069 -9301.05 -9979.7 -4989.85
0.00695 -7710.83 -9878.27 -4939.14
0.007 -5365.81 -9301.04 -4650.52
0.00705 -2495.56 -8275.81 -4137.91
0.0071 618.983 -6851.96 -3425.98
0.00715 3672.93 -5098.08 -2549.04
0.0072 6367.35 -3098.64 -1549.32
0.00725 8438.48 -949.954 -474.977
0.0073 9683.6 1244.49 622.245
0.00735 9980.83 3378.99 1689.5
0.0074 9301.05 5350.74 2675.37
0.00745 7710.83 7064.76 3532.38
